0.8 0.5 0.5
68.46565468025562 0.3565243894912832 0.36375944276224736
81.25963082312444 0.4306720071129401 0.4322378250531781
0.8 0.6 0.5
76.83807305300807 0.4026314316546913 0.40589559386522844
84.50403004591963 0.4511853129658526 0.4524028013621125
0.8 0.7 0.5
73.76492876250725 0.3825217473046943 0.38270602299146544
82.68279433162387 0.4389067283563522 0.4401312373076987
0.8 0.7999999999999999 0.5
73.91819177055395 0.3820430311363712 0.3887792177999568
81.07296932204547 0.4278193923578827 0.4287881493320895
0.8 0.8999999999999999 0.5
76.16683282964985 0.4017368834963343 0.4063819197270442
83.07354661449415 0.4422135196202908 0.44272982958414386
0.8 0.9999999999999999 0.5
77.74585009810957 0.407813232295793 0.4114250363055543
83.05588684129337 0.44078594954725847 0.44195419117188595
0.8 1.0999999999999999 0.5
72.82804748943498 0.38515640006839985 0.3951528616133901
80.95040644280621 0.42764520113538584 0.4298812039668781
0.8 1.2 0.5
72.98651597822402 0.38339260498068123 0.39520226682354104
80.41640173120842 0.4246406064272475 0.4269736788967706
0.8 1.3 0.5
73.16824410850295 0.38754639775327476 0.38986852722013776
79.40220560073533 0.4177678825029697 0.4206762847814606
0.8 1.4000000000000001 0.5
72.12165180401912 0.3801967775800014 0.3826452033704102
78.58065818336163 0.4123548317737116 0.414271939094544
0.8 1.5000000000000002 0.5
66.73995980175285 0.3509107314625394 0.3560813569691931
77.0001678636579 0.40341156005526796 0.40580221034767916
0.8 1.6000000000000003 0.5
67.37614136805742 0.3526301207154578 0.3606732515353977
76.90700419530891 0.40263209413841394 0.40533987262756516
0.8 1.7000000000000004 0.5
67.16450253910315 0.3582157832709578 0.3691120039097218
75.41359611762265 0.39458942446308976 0.3991353424549227
0.8 1.8000000000000005 0.5
61.572440888068954 0.29889408909201326 0.305769546369973
71.64795488621543 0.37037489927866674 0.3757394737487478
0.8 1.9000000000000006 0.5
59.65046041396433 0.30240191956135287 0.3077125507216948
72.41649214648963 0.3764133931948884 0.3796929384237189
0.8 2.0000000000000004 0.5
52.878857229309624 0.2497630926476078 0.2553720332799371
68.55024006214028 0.34883447216116287 0.35339763014965764
0.8 2.1000000000000005 0.5
54.80073424312588 0.2641282121813344 0.28301994132835523
67.70762223395656 0.34573435420442233 0.3514547927806039
0.8 2.2000000000000006 0.5
54.84191929805559 0.2722734165992824 0.26953477186241065
69.71588707757803 0.3586018114092183 0.36239207620865777
0.8 2.3000000000000007 0.5
64.32518925946071 0.3317002071642452 0.33876801518494054
74.85454314755361 0.3925021424769435 0.3960240448145034
0.8 2.400000000000001 0.5
68.51622684057811 0.35043773803681555 0.3581768541440715
78.0854007133988 0.4104762288390954 0.41478824294473915
0.8 0.5 0.6
73.9900894053445 0.387550344793913 0.3897559499583635
83.19473183303458 0.44171937074481316 0.44328013356882334
0.8 0.6 0.6
73.63587397467454 0.3902224862626757 0.3997523341086959
79.91024220274154 0.4216686832549499 0.4246735460139487
0.8 0.7 0.6
74.46571739078692 0.38828932915512393 0.38937958731230543
82.90015425466632 0.43961442605294404 0.441106333956179
0.8 0.7999999999999999 0.6
74.54805544491101 0.3869642747498759 0.3973726083304246
82.54587935802017 0.43760171480983984 0.43912679885317435
0.8 0.8999999999999999 0.6
70.3258785213781 0.37046180853522676 0.3834014287094358
79.25560191515461 0.41746600652167115 0.4203502499376873
0.8 0.9999999999999999 0.6
71.37307810847932 0.36415718481719805 0.37367275884253887
80.43333946306242 0.424185457160009 0.42553030244391754
0.8 1.0999999999999999 0.6
72.88128565551261 0.38443064532060206 0.3882194123299502
79.57059550863887 0.4185941727874514 0.4205477022746463
0.8 1.2 0.6
67.03966392748465 0.34293370704312376 0.3387559884263709
78.78141672780485 0.4146251061464543 0.4168403013349155
0.8 1.3 0.6
66.23829244985427 0.34706712701792913 0.3535347163777649
76.70603100363398 0.40085235875290576 0.4035511642576527
0.8 1.4000000000000001 0.6
66.61138218491307 0.3380523271179194 0.34362839117714195
76.70906489728047 0.4022292751266794 0.4046982911761533
0.8 1.5000000000000002 0.6
67.21133349654706 0.3432866532134502 0.3508903853235329
77.45102108745431 0.40581911080076527 0.40875891219757826
0.8 1.6000000000000003 0.6
65.82989022495669 0.33970274779593573 0.3422317523495839
73.87492702862524 0.3835674550505323 0.38737049135949625
0.8 1.7000000000000004 0.6
56.721144486252214 0.2773349363617474 0.28829340997183817
71.98280323935656 0.37542089628197217 0.3801547783431964
0.8 1.8000000000000005 0.6
60.256526847151 0.2990654870847829 0.3134633419293684
69.85910821521982 0.3597688689726447 0.3646283441092172
0.8 1.9000000000000006 0.6
60.11930247387437 0.3100120699683867 0.31984170824915786
68.79820575214808 0.3543418495032327 0.3590048583461638
0.8 2.0000000000000004 0.6
51.22664763635844 0.24088749736353512 0.2525641095844763
66.64810481824696 0.3397681556702736 0.34527399147468313
0.8 2.1000000000000005 0.6
54.70547267194569 0.2698327861268554 0.27886714357228204
66.16883188095764 0.3387051211970088 0.3436804663100567
0.8 2.2000000000000006 0.6
51.87524480633168 0.262604605690068 0.26503819825383546
71.90976603079703 0.37115476741622866 0.3738224921870622
0.8 2.3000000000000007 0.6
69.60332079508026 0.3544334117906237 0.3579371106633415
77.78655448909966 0.40817119982075667 0.41167757735947397
0.8 2.400000000000001 0.6
74.43761462570292 0.38597415499862836 0.3928174277806131
80.87384799828064 0.42670214815448065 0.4302279538881931
0.8 0.5 0.7
73.79456039712869 0.3818072935700991 0.3838390429120624
80.85924498921288 0.4269202880345585 0.4301330187979901
0.8 0.6 0.7
71.95073280427444 0.3767342772297743 0.3867880646483217
79.26827506618638 0.4182848439994739 0.42108951508820125
0.8 0.7 0.7
70.17832502819653 0.3558167475037033 0.35461062562088885
78.06934059498066 0.41015948999623425 0.41287047504260316
0.8 0.7999999999999999 0.7
71.51766953426645 0.36887267757773096 0.36959032537303665
78.57948510179921 0.4124701973841294 0.41531326192082635
0.8 0.8999999999999999 0.7
69.1511818227191 0.3609333441344229 0.36789280237712685
78.65911185195883 0.4139771431055963 0.416944690609638
0.8 0.9999999999999999 0.7
73.52864294631584 0.3851427941931521 0.38191065367198157
80.53749404993138 0.42454733523448873 0.42649002996796065
0.8 1.0999999999999999 0.7
66.31110901709884 0.3465578312757252 0.3443960929634473
78.07435888096748 0.4094564414729815 0.41154999212324767
0.8 1.2 0.7
69.16942593207152 0.36346817911111146 0.3723417354229376
75.30490649266046 0.3923552385796092 0.3956176789913666
0.8 1.3 0.7
62.32903037399443 0.3266734753420637 0.33334972847379507
75.63218717163195 0.3933839624559182 0.3965521603755354
0.8 1.4000000000000001 0.7
66.29525622738647 0.34227520398386996 0.3471711624534924
75.3744926043739 0.3929924376635533 0.39742763872308495
0.8 1.5000000000000002 0.7
66.49774423089684 0.33628008811399396 0.3442031319581984
76.1501239028178 0.3973375212012969 0.40092213985078606
0.8 1.6000000000000003 0.7
61.403364150043075 0.31056315663024703 0.32235423553319065
71.79342077211352 0.3725680355835873 0.3766876200429528
0.8 1.7000000000000004 0.7
59.775980301642115 0.30708263004954284 0.3068324561580024
68.14648307316651 0.35246000853365167 0.35684243177480246
0.8 1.8000000000000005 0.7
53.95429387539298 0.2745237561426366 0.2842203820221792
65.7379743488066 0.33655160879022833 0.343116408294429
0.8 1.9000000000000006 0.7
49.75095781440773 0.26508285817879884 0.2734463728341421
64.25314949697997 0.32981439506394267 0.3346022599768309
0.8 2.0000000000000004 0.7
50.943549254496794 0.25182701433468546 0.26477442007591845
67.67374381600756 0.34639034631365606 0.35325396387357133
0.8 2.1000000000000005 0.7
50.99190845782324 0.23964963002244455 0.2409717854208663
67.87712144194475 0.3469858260102995 0.35184853779870545
0.8 2.2000000000000006 0.7
62.50820763127393 0.30903494716784546 0.3196006597272988
73.70850082483001 0.38103480845910614 0.3839099840776175
0.8 2.3000000000000007 0.7
66.1583841969317 0.33698176874038305 0.34616977625319967
77.02757505249501 0.40502955907662763 0.4085541077480953
0.8 2.400000000000001 0.7
72.94144121976039 0.37692011929418606 0.3913807652380051
83.96292478968648 0.449000994677074 0.4519295332670885
0.8 0.5 0.7999999999999999
66.96393218898903 0.33907444063088865 0.3405201664101034
79.3106526294383 0.416989556836932 0.4189929883102166
0.8 0.6 0.7999999999999999
67.63309794605462 0.3455660929226687 0.3549023949610901
79.36115001131046 0.4179229908043359 0.42034256574251927
0.8 0.7 0.7999999999999999
69.88782088713236 0.3707988530518087 0.37479024097736363
77.95786635187092 0.4105594264306792 0.4131958053693102
0.8 0.7999999999999999 0.7999999999999999
69.82376930516334 0.35697513609121884 0.3611961898158426
77.93621834478623 0.40814475889831614 0.41008903926434775
0.8 0.8999999999999999 0.7999999999999999
65.22814957961255 0.335272357629651 0.33585076250743284
75.4964820299257 0.3944298213287534 0.39694662374919193
0.8 0.9999999999999999 0.7999999999999999
68.20476061178069 0.3550443313005813 0.35251139735797216
77.63569399551774 0.4074006714080906 0.4100254263597587
0.8 1.0999999999999999 0.7999999999999999
67.18108758724293 0.34397122540179936 0.34428634244702394
76.35052603920579 0.3988279960578101 0.40127561176863286
0.8 1.2 0.7999999999999999
68.569647020633 0.35456135092163227 0.3662187196959893
74.65205646462327 0.3890310086710028 0.3916631791883528
0.8 1.3 0.7999999999999999
67.21167513851725 0.34005310807899836 0.3418530437599467
73.05195086026006 0.3796653363340046 0.3830225507524395
0.8 1.4000000000000001 0.7999999999999999
63.101696067499795 0.31751747009759784 0.3236351618856152
71.20496781303332 0.366056233883376 0.3698140613802494
0.8 1.5000000000000002 0.7999999999999999
65.32217025887687 0.33882431695685994 0.3427730487368421
71.64778597069231 0.37031019742454757 0.37580579299318095
0.8 1.6000000000000003 0.7999999999999999
53.870361078941414 0.274357557281445 0.2832693345542301
68.35213788056656 0.35148277466504646 0.35641542468780274
0.8 1.7000000000000004 0.7999999999999999
44.67595597735431 0.21739764529654293 0.22848653865893961
66.05011797732102 0.33905676405818347 0.34459968051601797
0.8 1.8000000000000005 0.7999999999999999
56.93144402141458 0.2895369602074594 0.3017451563378365
65.87147641431658 0.3360518605153601 0.3437618251011382
0.8 1.9000000000000006 0.7999999999999999
46.37025825669339 0.22545414464739985 0.23120078931181937
62.45641604061657 0.316959520702235 0.3240505797874397
0.8 2.0000000000000004 0.7999999999999999
46.13674473374625 0.21384315839024884 0.22921265748508413
62.91493655471925 0.3181172457214929 0.32475663858275206
0.8 2.1000000000000005 0.7999999999999999
59.65897546165476 0.29798502548636546 0.3049067139354439
71.06863546368288 0.36772178651441156 0.3736275600500736
0.8 2.2000000000000006 0.7999999999999999
63.919305736410315 0.3286859192096535 0.3357920262431433
76.57287001366022 0.402092067211634 0.40712998227474717
0.8 2.3000000000000007 0.7999999999999999
71.15725564848408 0.3708739202296162 0.3739019250962472
80.94881129030786 0.42856542663048114 0.43194559184895304
0.8 2.400000000000001 0.7999999999999999
76.96456915864253 0.40342447093816103 0.4175793124997096
83.96144081339324 0.449597459908006 0.4517688523693722
0.8 0.5 0.8999999999999999
68.49388857557057 0.34890652803441075 0.351565958963347
77.66094243500129 0.4074261837203281 0.41025296051020127
0.8 0.6 0.8999999999999999
63.069691338800524 0.3266459280647924 0.3298719544447314
76.44277340414025 0.4000206544401082 0.403622729962819
0.8 0.7 0.8999999999999999
65.94834922628732 0.3416637403624321 0.34753042161213893
74.74729827445324 0.38957173270427825 0.39390831472590593
0.8 0.7999999999999999 0.8999999999999999
62.452979435865196 0.3269101728385478 0.3344293507076721
74.60719050868416 0.39147159918350666 0.3961347236190174
0.8 0.8999999999999999 0.8999999999999999
63.93089527080464 0.31387881132496753 0.31664403797016755
74.45454998461521 0.3874209747691725 0.39091985932672463
0.8 0.9999999999999999 0.8999999999999999
66.48191540110406 0.33671492046776047 0.3419341588750372
75.60663986894915 0.39477142305565094 0.3976959914531416
0.8 1.0999999999999999 0.8999999999999999
56.32645984590592 0.2897392414088772 0.2902198740314299
71.42123573597007 0.3686386768467967 0.3741019770118218
0.8 1.2 0.8999999999999999
56.91354878264131 0.30102925055787955 0.3113225467616788
71.45846780019126 0.37114540636303767 0.3758515789862926
0.8 1.3 0.8999999999999999
53.65217817658717 0.2760678590699139 0.27907112026093667
71.2840355621073 0.36901533436760714 0.37314074771968525
0.8 1.4000000000000001 0.8999999999999999
56.26903784300576 0.28206798792604854 0.2866955770522154
70.22862748200086 0.3625836026812398 0.36575409527471947
0.8 1.5000000000000002 0.8999999999999999
54.87447267090613 0.27424776589017 0.28348142233083584
68.6926841513132 0.35355524418633444 0.35817212257674014
0.8 1.6000000000000003 0.8999999999999999
47.52031673628982 0.2220222223586612 0.22470960148831487
65.39838857983223 0.33127119403832833 0.33679924931675553
0.8 1.7000000000000004 0.8999999999999999
45.10552483842969 0.2148741053525821 0.23436280576632437
62.1877640481077 0.3159120685303477 0.32419495282578226
0.8 1.8000000000000005 0.8999999999999999
42.56521582249546 0.20051129265158268 0.20661363677765818
60.419357142379056 0.3023783205260785 0.308545338441388
0.8 1.9000000000000006 0.8999999999999999
23.39640789809187 0.08493729147363448 0.08990096944611141
60.56721047864431 0.3061255686183345 0.31206004454081976
0.8 2.0000000000000004 0.8999999999999999
30.0287566896096 0.11682391828183679 0.12581536718586445
65.29215085821514 0.3322941565146235 0.3374390287841501
0.8 2.1000000000000005 0.8999999999999999
63.45197363620552 0.32164723725984035 0.3232742802149034
75.47782712323647 0.3940023532715018 0.39858092439261583
0.8 2.2000000000000006 0.8999999999999999
66.87248254738068 0.3406310856328582 0.3450449994864494
77.84220905676851 0.40936138921329246 0.412819252836937
0.8 2.3000000000000007 0.8999999999999999
68.91984074746787 0.35688836919648204 0.36006533645921396
82.11884754852915 0.4365154863084433 0.4384537913906982
0.8 2.400000000000001 0.8999999999999999
72.40877573422564 0.38329674371561745 0.3865447289804819
83.76908908920639 0.44703143097231124 0.4466470154469713
0.8 0.5 0.9999999999999999
61.307877063532054 0.32108150456307044 0.325508857356271
74.81920952707138 0.39188980889841674 0.3943227200950966
0.8 0.6 0.9999999999999999
56.15980002555912 0.2805689696905079 0.28816069296374897
72.96965551179629 0.3803784074102621 0.3839611244149194
0.8 0.7 0.9999999999999999
62.107722005364636 0.3138251833780912 0.32734377448252416
70.55248035175178 0.36592239427376666 0.3693972230879363
0.8 0.7999999999999999 0.9999999999999999
62.022187548834204 0.31802076283190994 0.3231682059693348
74.06487940442261 0.38667892313414287 0.3900547445172654
0.8 0.8999999999999999 0.9999999999999999
57.27832452870687 0.2988524254652794 0.3080192735138639
69.91964693090424 0.3615672980799746 0.368599218135641
0.8 0.9999999999999999 0.9999999999999999
56.69838085377831 0.27927389648693624 0.2812939008981319
69.39740892519345 0.3585079484814477 0.3629638946521457
0.8 1.0999999999999999 0.9999999999999999
60.99533973817623 0.3025551946412939 0.3100795690573424
71.21330330340507 0.3690629284906725 0.3755470119954703
0.8 1.2 0.9999999999999999
55.21448554823038 0.26304067349134247 0.27126208498084153
67.16443979830282 0.34708925433068266 0.3543844283932792
0.8 1.3 0.9999999999999999
61.137976468065766 0.3132537762587439 0.3224595182442927
66.12440736094722 0.3410991976720231 0.3473255632300408
0.8 1.4000000000000001 0.9999999999999999
47.707503051139106 0.2282909058639736 0.24680117173106286
66.88283937770436 0.3434442222790089 0.348874130097707
0.8 1.5000000000000002 0.9999999999999999
45.03764293760883 0.22211949432753017 0.21942015973270976
60.91981522558825 0.30966643297417557 0.3166112390090195
0.8 1.6000000000000003 0.9999999999999999
43.95536389647815 0.2137190757905844 0.2255564469967409
60.64837720199546 0.30651508067699584 0.31255116525111604
0.8 1.7000000000000004 0.9999999999999999
18.1301198679494 0.08994560146610903 0.10629594112905916
58.00241976539471 0.2920565660733374 0.30039861382489186
0.8 1.8000000000000005 0.9999999999999999
37.23961746225078 0.17548240523578126 0.18385098894058716
58.46115513931816 0.29470943239433334 0.3036936125991464
0.8 1.9000000000000006 0.9999999999999999
43.933854167929596 0.19253637541863033 0.20173528108590302
66.57291034204962 0.3418094329168059 0.34731012879277656
0.8 2.0000000000000004 0.9999999999999999
46.302856075307005 0.2083445762221787 0.2223274895954222
67.88007109499625 0.34580835729296217 0.35100276026377053
0.8 2.1000000000000005 0.9999999999999999
66.04417829083133 0.34422037517985304 0.3499913244268909
76.95239936598402 0.40381883246523487 0.4061745411904762
0.8 2.2000000000000006 0.9999999999999999
72.58414244639383 0.3802089703970195 0.38852278107503563
81.500576981471 0.43262709843116853 0.4352976023935498
0.8 2.3000000000000007 0.9999999999999999
75.88164962637583 0.39461048628703077 0.3831835493031953
84.16389589303238 0.4498993656829901 0.4538056050708034
0.8 2.400000000000001 0.9999999999999999
77.30999566578187 0.40918018192863537 0.4202554737493814
85.39803382374174 0.4582469222209028 0.4589699612927419
0.8 0.5 1.0999999999999999
63.961449483249616 0.32190174560978074 0.33184918497145827
70.57782438597583 0.36887729498949307 0.3762600577793772
0.8 0.6 1.0999999999999999
51.42689681429598 0.2532452626474869 0.25808543151610996
69.05536477003632 0.35918332464477665 0.3649106341045616
0.8 0.7 1.0999999999999999
57.54175799462465 0.3022436430944854 0.30654786694815195
68.70019799752328 0.3558678193271418 0.36346124678944514
0.8 0.7999999999999999 1.0999999999999999
57.284595853590076 0.26586124317653415 0.2599870631933755
69.5813552640633 0.3569635300229173 0.3617100819381205
0.8 0.8999999999999999 1.0999999999999999
48.17314342747352 0.25262295788552397 0.2515880359957628
65.34423226221085 0.3358436699407626 0.3401089669209419
0.8 0.9999999999999999 1.0999999999999999
50.98692289686333 0.243571255798845 0.25739413236819164
62.87418349677106 0.3222556374826857 0.3287260354598255
0.8 1.0999999999999999 1.0999999999999999
49.18200226529801 0.26133349862755195 0.26097305303892826
64.88915366303777 0.3330618542511769 0.33838672822774846
0.8 1.2 1.0999999999999999
46.82899815758752 0.23512754911187628 0.2428383589584976
63.28419061062533 0.3250791083975192 0.33203863842993747
0.8 1.3 1.0999999999999999
47.27937500268493 0.2347945307320396 0.23848310096598832
62.06122574380136 0.31719720281428215 0.3252481930582848
0.8 1.4000000000000001 1.0999999999999999
34.27155460212549 0.16265213957499708 0.16956176225721376
60.25903391506682 0.30839839028667193 0.3189195066656151
0.8 1.5000000000000002 1.0999999999999999
32.8215715763156 0.16210241323161162 0.17701259096865504
55.97646363734037 0.28188490776272074 0.28987646933836675
0.8 1.6000000000000003 1.0999999999999999
29.282164237631463 0.14290852601977377 0.15130321573888947
51.65915262845914 0.25339650916481415 0.2600067935283378
0.8 1.7000000000000004 1.0999999999999999
39.1596985321804 0.19168552936197467 0.21283041376826706
57.11766836569471 0.28781431045694134 0.2952000174786197
0.8 1.8000000000000005 1.0999999999999999
25.607624551158334 0.11536486564924542 0.14611522716304323
60.629690662889985 0.30572172576072465 0.31590659252744047
0.8 1.9000000000000006 1.0999999999999999
47.37731572691375 0.22341498570848076 0.23992523043577213
70.9994953859118 0.36385377476025293 0.3691671659516478
0.8 2.0000000000000004 1.0999999999999999
67.92725614565256 0.33712089327648964 0.34006120244956206
77.16461427506316 0.40533714761319894 0.4073460686386771
0.8 2.1000000000000005 1.0999999999999999
64.80181305032328 0.33787681065972847 0.3389912556578203
79.92884658714829 0.42207237797157715 0.4259058500190348
0.8 2.2000000000000006 1.0999999999999999
72.43879300735075 0.3891983171035787 0.4034054019724942
81.69832667360375 0.4343342059878939 0.43486623579024153
0.8 2.3000000000000007 1.0999999999999999
74.78019480956836 0.39145498182885896 0.4007248314843364
83.66946596560737 0.44760477651266983 0.449559683590791
0.8 2.400000000000001 1.0999999999999999
79.46904660434635 0.4331642573814204 0.4329191784783391
85.81300141912824 0.4624039420336753 0.46235296796481495
0.8 0.5 1.2
55.48525347144956 0.2734044031626826 0.28024638523708406
66.92357420763469 0.3460744754456152 0.3508584454013786
0.8 0.6 1.2
54.14856480069879 0.2758768112993837 0.2890899827546757
65.45486193700317 0.33675358296331515 0.3436825088497688
0.8 0.7 1.2
51.08463735415722 0.262262727214603 0.27341815524905394
64.26024742991856 0.32801655945637564 0.33530540919003665
0.8 0.7999999999999999 1.2
48.93480529011606 0.24156445796023135 0.24362044540252759
65.18793447034521 0.3378370435635384 0.34396197843153276
0.8 0.8999999999999999 1.2
47.88402763550068 0.23678697755115052 0.2454586393389135
61.63719876307647 0.3113258003722027 0.31928413302590264
0.8 0.9999999999999999 1.2
42.321581343083935 0.20316259051031724 0.21299317763741188
59.23341484378434 0.29958267999177274 0.30854622248220814
0.8 1.0999999999999999 1.2
39.57287285605301 0.1823409156917317 0.19120658032311946
58.151464207795826 0.291066384128384 0.29899351809190494
0.8 1.2 1.2
25.848213515541143 0.116657343598858 0.12344443618417016
57.07053055184864 0.28860307114717226 0.29824281676291114
0.8 1.3 1.2
25.014878590578547 0.09548174701723582 0.11506609431009207
53.47741354421188 0.26616363296665757 0.2792484079355961
0.8 1.4000000000000001 1.2
20.838803727940128 0.0701223203359474 0.08508309545669307
54.381186769868144 0.2714519989246239 0.28361282214005984
0.8 1.5000000000000002 1.2
14.316278769672428 0.047636015821828914 0.05610659891033232
49.429271401516345 0.2448763499642627 0.25420397385135907
0.8 1.6000000000000003 1.2
22.91019279984615 0.10884617586190751 0.11905766888578198
57.88245673379363 0.2888332966852931 0.2979577496274572
0.8 1.7000000000000004 1.2
28.095491598613876 0.12471346816628182 0.1306753673201974
54.869896645809696 0.2736926524610278 0.2831549989929169
0.8 1.8000000000000005 1.2
37.621718909646944 0.1773626390937427 0.18660318930975514
63.92418519647292 0.3235720539549035 0.33164295754893935
0.8 1.9000000000000006 1.2
37.20756799273581 0.16753578917824108 0.17382510013088878
69.28509170505042 0.35473946132374073 0.3588940182635498
0.8 2.0000000000000004 1.2
68.58048992629357 0.3515838704856308 0.3602864265529705
79.14753317341588 0.41653865983287003 0.4202441087782868
0.8 2.1000000000000005 1.2
71.30303483802182 0.369618640918658 0.3746562001846326
80.63579134093511 0.42542278215829044 0.4282437711686911
0.8 2.2000000000000006 1.2
73.0474917350444 0.3875933673496188 0.3968541277740476
84.30660059979999 0.4508464544428006 0.45394609023779725
0.8 2.3000000000000007 1.2
77.82130060353606 0.406058347221757 0.404536113795962
85.58362773578092 0.45871836905034946 0.4605087178251889
0.8 2.400000000000001 1.2
74.71750130663344 0.4033574730328802 0.401198977366201
84.63690404929076 0.45491586060027434 0.4559856703677684
0.8 0.5 1.3
52.30571434613233 0.26432541006475774 0.2732730997488334
64.28795956460743 0.33006074260684315 0.33611243431914356
0.8 0.6 1.3
38.3504231871625 0.18046056759948045 0.1902899879250457
60.94347516529331 0.3105430475780995 0.3179819197854963
0.8 0.7 1.3
33.22137052111486 0.1412259516368356 0.15139827324976762
55.9112491098302 0.2831533382977242 0.28808183894490436
0.8 0.7999999999999999 1.3
29.070272161865244 0.14067913305710014 0.1600415484201745
59.17969551484869 0.30339101275213853 0.3102679578487655
0.8 0.8999999999999999 1.3
32.61441756647006 0.13454989707611684 0.14014336826950105
56.95051964946449 0.2880223932256319 0.2949865440625433
0.8 0.9999999999999999 1.3
40.978457667583854 0.1890961063390936 0.1925212126562507
58.530898078565045 0.2941838540057532 0.30217034635204965
0.8 1.0999999999999999 1.3
17.017975280603636 0.06982417703285149 0.08505187397344922
50.63095962081336 0.2537111260049204 0.2640557525254977
0.8 1.2 1.3
38.67480225505467 0.18126035860337433 0.20081212076952773
54.25418187325944 0.270182394274436 0.27842077235761736
0.8 1.3 1.3
27.56627258478883 0.12487162666115628 0.15036441173189805
45.678140750861004 0.22567616967718185 0.2362700003588472
0.8 1.4000000000000001 1.3
22.454115655329442 0.10711837321136239 0.13640494915860413
52.08617571735242 0.2579974580232324 0.26810582129656974
0.8 1.5000000000000002 1.3
21.92122290249648 0.09017585801548891 0.10505274042769656
55.543926963879514 0.2761221300412568 0.28476065223640523
0.8 1.6000000000000003 1.3
27.04489211708807 0.11227707081033642 0.11632423352857024
55.42124801182956 0.2785178471564492 0.28372490187040356
0.8 1.7000000000000004 1.3
45.9498356344767 0.21385556425560545 0.22238131245632886
67.35956365335403 0.3449735445625667 0.35039149359274796
0.8 1.8000000000000005 1.3
59.84789907496363 0.29771040941954935 0.30122437001338576
70.3684929587493 0.36346089554129596 0.36811168234182245
0.8 1.9000000000000006 1.3
67.77306848169003 0.344824067784153 0.35139678965658816
78.29792838976634 0.4102724758240449 0.4153009899128059
0.8 2.0000000000000004 1.3
76.81553656817934 0.4070305912033694 0.41025119981001135
81.98254984409841 0.43546235163913477 0.43977186450287853
0.8 2.1000000000000005 1.3
76.73089511957416 0.4059400868257231 0.40537795083661776
83.60254432647568 0.4468673719510824 0.4485743934281755
0.8 2.2000000000000006 1.3
79.17594257065565 0.4144773594547023 0.41823882094850373
86.4035301528452 0.46395651131178567 0.4657330221024717
0.8 2.3000000000000007 1.3
77.40254522711258 0.4153925890302352 0.4273777784518137
85.57270543447983 0.4594512682985378 0.46285305908966345
0.8 2.400000000000001 1.3
82.24168562681882 0.4451924653193132 0.44182342585381157
86.15174099484177 0.46312420234159984 0.4633147631127398
0.8 0.5 1.4000000000000001
35.017897893998544 0.1749302644658996 0.17941902021821926
57.79008567046799 0.292508120610857 0.30032083660774067
0.8 0.6 1.4000000000000001
25.08341818382844 0.09549460380562538 0.09818938123008114
55.96849695745734 0.2822026032804088 0.28858861542374564
0.8 0.7 1.4000000000000001
25.060075975649163 0.11655792390484186 0.12294522692804383
57.22150431089417 0.29027875635578976 0.29840890206083215
0.8 0.7999999999999999 1.4000000000000001
37.06978946021042 0.18961054958830212 0.1991692150407898
60.47812994637182 0.30814565612299427 0.3182771532971844
0.8 0.8999999999999999 1.4000000000000001
31.456509965340704 0.1507504884340413 0.15332574799285859
56.24800306255022 0.28321128728018985 0.2917109820305567
0.8 0.9999999999999999 1.4000000000000001
34.88383804750185 0.1643208728077341 0.17233238172044207
53.75972047940413 0.26947475405928395 0.2807661285400684
0.8 1.0999999999999999 1.4000000000000001
12.580568286490724 0.04491494944920453 0.05294329259128645
51.68834203617148 0.25746197110744445 0.2645041221269398
0.8 1.2 1.4000000000000001
32.166704736767805 0.15110896146654842 0.15833465606892744
55.007641797936415 0.2739266441330972 0.28342560593641913
0.8 1.3 1.4000000000000001
19.25359555311498 0.09302177532917884 0.09808750048143293
58.32703914848348 0.29458933627022876 0.30088524838001585
0.8 1.4000000000000001 1.4000000000000001
33.617124988765525 0.1558808657814473 0.1716624822195833
61.36662258526337 0.31383918240049147 0.3200923690142703
0.8 1.5000000000000002 1.4000000000000001
32.234425903302714 0.14815224349569533 0.1576389791007251
54.093357961539525 0.26414336414352346 0.2720047062825378
0.8 1.6000000000000003 1.4000000000000001
43.364590462495336 0.20062150714248486 0.2179037946219855
64.06007179232586 0.3241990416888128 0.3291680508216024
0.8 1.7000000000000004 1.4000000000000001
46.22969213374335 0.2033817299779347 0.22005546816036486
67.87693295554361 0.34506113342829103 0.3500667073563041
0.8 1.8000000000000005 1.4000000000000001
62.59577979291595 0.3222308212191755 0.32961585977012126
76.77884167247538 0.402803870754317 0.4066903134067605
0.8 1.9000000000000006 1.4000000000000001
68.09525017250543 0.35574990930208994 0.36802058660942544
80.18951333450123 0.4255125321294518 0.42931857518480393
0.8 2.0000000000000004 1.4000000000000001
69.3617315372639 0.36453689442142506 0.37065436536716295
82.44320113213844 0.44061306719202903 0.43982299900558586
0.8 2.1000000000000005 1.4000000000000001
80.24065494807303 0.42658183831843677 0.427764832372331
85.46713695629964 0.4593293617965285 0.4609057658929155
0.8 2.2000000000000006 1.4000000000000001
79.63431406462301 0.41664560996276445 0.41309112546311055
84.72493496657364 0.45327994487167117 0.4559926575652528
0.8 2.3000000000000007 1.4000000000000001
81.19860812903384 0.4328199779329405 0.42632670054642485
87.7964370115821 0.4747170396371806 0.4758513340130734
0.8 2.400000000000001 1.4000000000000001
70.46068501642473 0.36329144703799887 0.3655224240669667
85.64806908500475 0.4601209664622304 0.45898496479017714
0.8 0.5 1.5000000000000002
20.841712593913062 0.08057511410942036 0.09873189842412551
55.08622110690143 0.2731936909454272 0.28373193463020224
0.8 0.6 1.5000000000000002
24.182512060636373 0.09560105526578212 0.10317863624755387
52.0838508186756 0.2593259198548442 0.2677570512913618
0.8 0.7 1.5000000000000002
25.97157501471288 0.11440002888837421 0.13575301757523725
55.42619417383561 0.277239033816004 0.28675881288478183
0.8 0.7999999999999999 1.5000000000000002
35.888866334165954 0.17043781730882754 0.1763379655281529
59.444678894401854 0.30411465160315676 0.3138033742130316
0.8 0.8999999999999999 1.5000000000000002
26.948302207314853 0.13181489202933125 0.1329777352758771
58.35848588751535 0.29551064099291735 0.3014179383428632
0.8 0.9999999999999999 1.5000000000000002
4.40370126727089 0.006094617042566461 0.010589144221771124
52.64089460881422 0.2627668036767301 0.27174535016767487
0.8 1.0999999999999999 1.5000000000000002
17.28105427006468 0.07629968967670302 0.08352340118882642
59.242293952449394 0.2993689079832377 0.30859123416638884
0.8 1.2 1.5000000000000002
34.883239021745034 0.1456615389932094 0.15083946121067782
55.58745007490031 0.27633660817172456 0.284715687603074
0.8 1.3 1.5000000000000002
21.95268464274099 0.0830813744484232 0.09148085123862051
56.80103396239247 0.2836764428957771 0.290773519991737
0.8 1.4000000000000001 1.5000000000000002
32.53865216288863 0.14540059023640708 0.17221403737374544
60.46597468294664 0.302860464406561 0.3108595843171152
0.8 1.5000000000000002 1.5000000000000002
38.083367044906396 0.16339644455081692 0.17836877415380104
63.672358606426464 0.3218337475095812 0.3270479329811134
0.8 1.6000000000000003 1.5000000000000002
35.880292171137654 0.16755596577313817 0.17487747743494977
68.45406304309122 0.3530098444075046 0.3573273372137994
0.8 1.7000000000000004 1.5000000000000002
62.20293741403843 0.30978997665133 0.31671511360649757
75.39082330284245 0.394478836731706 0.3997336665407953
0.8 1.8000000000000005 1.5000000000000002
69.66706699308156 0.3605852220244644 0.36883085394118414
79.63277475452162 0.4205237357920081 0.4235616172404925
0.8 1.9000000000000006 1.5000000000000002
72.49541448491176 0.3840879307997763 0.40032568280252423
81.86554611789384 0.4343211269625294 0.4360660020168841
0.8 2.0000000000000004 1.5000000000000002
79.20306885609713 0.4226717491588583 0.4197678994827971
85.14547201123256 0.4561746267647605 0.4583981890640455
0.8 2.1000000000000005 1.5000000000000002
77.88679562822757 0.4231828738209966 0.4212845887780799
86.40730264277356 0.46556497174616085 0.46831506770091974
0.8 2.2000000000000006 1.5000000000000002
78.87858212109394 0.42265451364932466 0.4252205396675717
86.38322853406527 0.4626057209434311 0.4629528427974792
0.8 2.3000000000000007 1.5000000000000002
74.6854979678476 0.38123270670342035 0.3756657912698774
86.29873920144034 0.46330050590246225 0.4668395489862106
0.8 2.400000000000001 1.5000000000000002
80.15019013545678 0.42572785543542757 0.4344626895550824
87.5450488443499 0.47066063345388287 0.47422797943504874
0.8 0.5 1.6000000000000003
23.169513818267923 0.09920250789084024 0.13580697904658318
60.40113388822935 0.30411417154693776 0.31283673236581994
0.8 0.6 1.6000000000000003
24.592567771267827 0.10656064520958004 0.13087970017573805
54.92859981917327 0.27341049575539617 0.28430778128046774
0.8 0.7 1.6000000000000003
18.696941655848743 0.08430250676704272 0.09913584837009014
54.50154651662505 0.2743127213753848 0.2837521811037044
0.8 0.7999999999999999 1.6000000000000003
0.2744409961078724 0.000031120320794705355 0.00007639753956342079
49.95545493499909 0.24764861705281768 0.2566644042473557
0.8 0.8999999999999999 1.6000000000000003
20.212661960114545 0.08280607483415046 0.09485013702894741
53.60956780335067 0.26810639696890903 0.27651369329353487
0.8 0.9999999999999999 1.6000000000000003
24.371203044683973 0.10664750074311506 0.11392837097204603
56.840646130862545 0.2843605401319809 0.29099642540138476
0.8 1.0999999999999999 1.6000000000000003
31.502226537871366 0.15292085645650672 0.17082798836037683
53.642861355541925 0.2660537982242771 0.2759010096530771
0.8 1.2 1.6000000000000003
23.61243738528075 0.08794036926765424 0.09410396530404264
60.09101381482733 0.29924933322473357 0.30630018844606866
0.8 1.3 1.6000000000000003
39.1455252174246 0.17819528257257208 0.19314345536819255
62.72450767880315 0.3151015244003348 0.3219462039979208
0.8 1.4000000000000001 1.6000000000000003
28.201870490563277 0.12694934327435992 0.13825025059864815
64.24345684410613 0.32671077351263944 0.3327789418734463
0.8 1.5000000000000002 1.6000000000000003
58.37534878805661 0.29447973243422504 0.3024737466394695
71.47437146692444 0.3694246260305956 0.37439783858129394
0.8 1.6000000000000003 1.6000000000000003
61.53449783943054 0.3074358035841864 0.31066805560286703
74.3075596954364 0.38668944673331174 0.39097011285336447
0.8 1.7000000000000004 1.6000000000000003
69.47510086565445 0.37096068845106206 0.388302372411546
78.59440479254263 0.4148523412034308 0.4189540691905937
0.8 1.8000000000000005 1.6000000000000003
69.14483779168009 0.36353401789571854 0.36721162825110354
82.5411264486209 0.43992418621113155 0.4431244650175927
0.8 1.9000000000000006 1.6000000000000003
75.80210632771961 0.411652780946845 0.42960948724627174
83.24653306606562 0.4447235531852204 0.44761781544528134
0.8 2.0000000000000004 1.6000000000000003
78.73588546399795 0.4243508395542845 0.42066800796777953
85.30930998181734 0.45718182200683827 0.4587513050436119
0.8 2.1000000000000005 1.6000000000000003
77.48718998271517 0.4125628255986315 0.4211959089217819
86.35631832460876 0.46361124784790064 0.46523883002995337
0.8 2.2000000000000006 1.6000000000000003
75.81277727769312 0.403739982812391 0.41974846283725037
86.51289098539608 0.4650872577894975 0.46810426389915455
0.8 2.3000000000000007 1.6000000000000003
80.8990541546785 0.4264514981102076 0.42460014388871764
87.7681029500152 0.47374891140958947 0.4727266825503282
0.8 2.400000000000001 1.6000000000000003
79.59727188531471 0.4226936846230795 0.42854329849617007
87.74311277944045 0.47477424143249713 0.4758191946184643
0.8 0.5 1.7000000000000004
11.999714862068178 0.03479647847087646 0.04183167593839603
57.21427901054401 0.28951664397482413 0.297345686403529
0.8 0.6 1.7000000000000004
30.19839247206884 0.1298494001169828 0.14925790959935226
58.1178325410677 0.2929918989793102 0.3018617937393463
0.8 0.7 1.7000000000000004
19.218449372118954 0.08104958027385045 0.08752434046571309
58.571493820559155 0.29459551552701746 0.30238341846576366
0.8 0.7999999999999999 1.7000000000000004
22.764538296599326 0.10357866508875573 0.10176886716576992
56.90350043874598 0.28571817380440984 0.2931657529275108
0.8 0.8999999999999999 1.7000000000000004
28.409602956155037 0.10903768229840052 0.12328255112610824
55.42585972559503 0.27730422746615113 0.2859270987768948
0.8 0.9999999999999999 1.7000000000000004
22.533532145608028 0.10065519367497872 0.12171392292789417
51.374002418688484 0.25342605874835245 0.26379018926319536
0.8 1.0999999999999999 1.7000000000000004
30.826417084915885 0.1316192987070993 0.144669548558382
61.483100349193805 0.3086440002728218 0.3150146387269793
0.8 1.2 1.7000000000000004
48.4584707485452 0.22282481098028878 0.23461369768892204
65.62628555527581 0.3355944096738792 0.34197404036779944
0.8 1.3 1.7000000000000004
45.56167341908197 0.2137791336200394 0.22930527122884867
61.019056843248464 0.3064477287270262 0.3115537408338015
0.8 1.4000000000000001 1.7000000000000004
51.39775717032136 0.25848038019465025 0.2651335571803925
69.84313246048364 0.3591379912188074 0.3646359254196841
0.8 1.5000000000000002 1.7000000000000004
52.750653176862684 0.24722514031629544 0.2613699949668366
71.47426965334554 0.36925007470344295 0.3736256867911864
0.8 1.6000000000000003 1.7000000000000004
72.66664234959565 0.3735948283419366 0.37556116679224727
79.86199965207715 0.42156867800440184 0.4242667115007303
0.8 1.7000000000000004 1.7000000000000004
70.81073262637386 0.36119595455058 0.3688061199942007
81.37324199117312 0.4333341018490886 0.43676559542285576
0.8 1.8000000000000005 1.7000000000000004
78.61526217041742 0.4226115099180211 0.43298085745529685
83.84580410986533 0.4491508018161988 0.4505717602417649
0.8 1.9000000000000006 1.7000000000000004
78.4396721599403 0.4112642919902951 0.41085965232733457
85.68908146205273 0.4588671779202456 0.46262286306478273
0.8 2.0000000000000004 1.7000000000000004
79.18111575593987 0.4181725941605077 0.4235909040482515
86.36366164136527 0.46499814031488595 0.4654967799380417
0.8 2.1000000000000005 1.7000000000000004
78.92156634156433 0.4233760375077266 0.4328188869752165
86.54547029228578 0.46680329217251443 0.47062463509393987
0.8 2.2000000000000006 1.7000000000000004
80.84213991662513 0.42500599361872604 0.4206055332428814
87.8916281542545 0.47452139774664825 0.4762953345834456
0.8 2.3000000000000007 1.7000000000000004
83.35583383259991 0.4483115803009499 0.4536585392496189
87.43646992393485 0.4705632777713292 0.4708615886759282
0.8 2.400000000000001 1.7000000000000004
81.5097772058396 0.4297304270118971 0.4243384559753521
89.05551749220288 0.48112008131880757 0.4818839452127439
0.8 0.5 1.8000000000000005
7.226286177653588 0.016607405181789058 0.04258046395617628
58.467524404418555 0.2930319287873222 0.30203601424800647
0.8 0.6 1.8000000000000005
17.658715305007778 0.07211943335428558 0.08356019707814637
60.03205714302159 0.3061401824513213 0.31289859615932114
0.8 0.7 1.8000000000000005
28.89737173967758 0.11631224855130352 0.1337109481737482
61.876252614718304 0.31254859672141333 0.3202064570409151
0.8 0.7999999999999999 1.8000000000000005
28.64940861559977 0.12059972574121879 0.1245920555738176
62.695495111067224 0.31713793488609615 0.3241581987171789
0.8 0.8999999999999999 1.8000000000000005
7.868088017326847 0.024014816275188876 0.026235762511655686
55.79457786045721 0.28007890648267314 0.28687399887696485
0.8 0.9999999999999999 1.8000000000000005
36.31553876888228 0.17395389112035625 0.1797291208220138
61.888176010726305 0.31173625380171904 0.31801932789468884
0.8 1.0999999999999999 1.8000000000000005
43.24985675740789 0.2174491429007807 0.22233262992790478
59.07505570185985 0.29738890914668115 0.30452677321409694
0.8 1.2 1.8000000000000005
56.13712893582038 0.2788204405171326 0.28323179121198955
64.79970653584799 0.3297294850663469 0.3378654065876646
0.8 1.3 1.8000000000000005
50.252771484816634 0.23473287886201125 0.23983896190421058
68.81545656571083 0.35294907190499963 0.3548877584142899
0.8 1.4000000000000001 1.8000000000000005
61.39419677330105 0.2976299985412066 0.2986321518976249
73.77329957786382 0.38431472936770084 0.38775622436407664
0.8 1.5000000000000002 1.8000000000000005
72.04187854976695 0.37174987002685006 0.3758987529806553
81.87039966317124 0.43334248135646025 0.43423309658752834
0.8 1.6000000000000003 1.8000000000000005
71.16714131596792 0.3647485909530495 0.36851660933429176
82.51384046280273 0.4417203739778889 0.44564815784531264
0.8 1.7000000000000004 1.8000000000000005
79.19628760472378 0.41596059986491196 0.42263588164968174
84.41957317757112 0.4497647848967947 0.4521689495986386
0.8 1.8000000000000005 1.8000000000000005
77.8017939886207 0.4192223635390217 0.430838200558539
85.4269047848773 0.45928018217717986 0.46181661725469036
0.8 1.9000000000000006 1.8000000000000005
79.69596208905578 0.41909162297525365 0.42176648132105593
86.47892161756907 0.46302150084218524 0.4666729230254948
0.8 2.0000000000000004 1.8000000000000005
80.12896519202722 0.4286127908889353 0.42833165919289734
86.59422166699622 0.46636758185685734 0.4659303546693171
0.8 2.1000000000000005 1.8000000000000005
78.01254659727466 0.41544042123439284 0.42448784972350095
85.88203615065586 0.4614547743885832 0.46379163466697715
0.8 2.2000000000000006 1.8000000000000005
78.01067170937938 0.4258616732953277 0.42696363723325403
86.68062665620054 0.4668933320367713 0.46894192403967355
0.8 2.3000000000000007 1.8000000000000005
74.9025190486382 0.4011593717103793 0.4005737888138733
88.23391098618393 0.4773651556483741 0.47789818902456416
0.8 2.400000000000001 1.8000000000000005
79.45073626624576 0.42869675490604064 0.43587850968469244
90.93327217429393 0.4950142230575669 0.4958795930048992
0.8 0.5 1.9000000000000006
32.98582227828645 0.1489811108160667 0.15851399005618336
54.27038371310472 0.26849277867332105 0.27593340517384923
0.8 0.6 1.9000000000000006
21.255244986495413 0.08410160219335777 0.08712002106560209
55.760592138284196 0.27428425990601013 0.2799469494052596
0.8 0.7 1.9000000000000006
42.60784846347981 0.20048422511549038 0.21187002071751893
59.020927731469 0.29383451267443816 0.3008062855669976
0.8 0.7999999999999999 1.9000000000000006
45.227352493153184 0.20839022495140672 0.21619537928801405
64.21932086182302 0.3262409726207882 0.3322292122908668
0.8 0.8999999999999999 1.9000000000000006
46.22853171994395 0.2300987421315286 0.2353347360596567
63.655712515229915 0.3201893591972903 0.3263901585975641
0.8 0.9999999999999999 1.9000000000000006
48.20433864950139 0.22827137094557057 0.23479379005705334
65.00504131917242 0.3303533751294989 0.3360431650554437
0.8 1.0999999999999999 1.9000000000000006
53.925577857280885 0.2645061651009997 0.2667030912503019
72.82050901800312 0.376812983180931 0.38254440485175734
0.8 1.2 1.9000000000000006
56.30792780828869 0.26258555309201864 0.26977167391814627
72.09959533024843 0.3718945617468999 0.3754033361975796
0.8 1.3 1.9000000000000006
68.00933653339129 0.3515299252831232 0.35798903314069613
75.53678449943102 0.3960090417338168 0.40111876407937075
0.8 1.4000000000000001 1.9000000000000006
70.39139307858105 0.3664507538553394 0.370671352185243
80.19046546216308 0.42365550053514517 0.42512066983299085
0.8 1.5000000000000002 1.9000000000000006
76.0647733435998 0.3967775929534268 0.40265327219713726
82.85595976045434 0.44180645067974816 0.44520685786279185
0.8 1.6000000000000003 1.9000000000000006
75.26664695230318 0.4003780653218739 0.3961303940715213
83.63764880935193 0.44656785229215945 0.4477737725392791
0.8 1.7000000000000004 1.9000000000000006
77.69950826538687 0.40385874110282705 0.41593470609921523
84.29220683303282 0.4508916615769946 0.45324266016957243
0.8 1.8000000000000005 1.9000000000000006
78.89172918645048 0.41995421163049335 0.4146242280968222
86.84104317738591 0.4665745432577416 0.4677568723161058
0.8 1.9000000000000006 1.9000000000000006
79.1858742917945 0.4272339476458236 0.4363420356930573
87.09396758320618 0.4698869045000319 0.4706160317515864
0.8 2.0000000000000004 1.9000000000000006
82.01143448639266 0.4312934368516163 0.4340633206545913
88.45857988766514 0.47736735868642743 0.4782383468540072
0.8 2.1000000000000005 1.9000000000000006
79.21669515350622 0.42504664550351473 0.4425093929238868
87.71194235949588 0.4743856444534614 0.4767981184589777
0.8 2.2000000000000006 1.9000000000000006
83.92534580319197 0.44478278673717325 0.45114771142601484
90.23944891378851 0.4889851890369733 0.49116947569489866
0.8 2.3000000000000007 1.9000000000000006
83.71453622260641 0.44383800867725837 0.443661138603245
91.8445111719257 0.5010570018177063 0.5017181315739594
0.8 2.400000000000001 1.9000000000000006
83.8324703292055 0.45559425207074206 0.46634311720384286
92.63448093774178 0.5063370342220526 0.505692486747902
0.8 0.5 2.0000000000000004
36.433485298063324 0.16933672818386147 0.17815408130026347
64.38296996423115 0.3266349506224363 0.3333119157667385
0.8 0.6 2.0000000000000004
47.301305839025844 0.22357176016624136 0.23718571744470754
63.22672460003334 0.3195866499042843 0.3267661701917407
0.8 0.7 2.0000000000000004
39.321610500394094 0.17444219479863063 0.17713366532762803
62.14594019900047 0.3122294248833092 0.3189863183483626
0.8 0.7999999999999999 2.0000000000000004
36.73386030846166 0.16632051510321863 0.17098969427543087
64.24630878448765 0.32530998647194254 0.33113559596918235
0.8 0.8999999999999999 2.0000000000000004
48.102268570182176 0.22085304890782137 0.22900797281326926
68.25503447857827 0.3479913192540103 0.3531081963992551
0.8 0.9999999999999999 2.0000000000000004
50.50769465925294 0.22670035447026532 0.239036866696471
67.93764656148822 0.3474533554434565 0.3540488561458509
0.8 1.0999999999999999 2.0000000000000004
61.40322666747044 0.30610302248713783 0.31163710263083655
72.21159822620916 0.37397165350655487 0.37847000457026464
0.8 1.2 2.0000000000000004
65.0383497414758 0.33299927172107535 0.3359812610192241
77.5579866850074 0.4093446818427443 0.4126009464660759
0.8 1.3 2.0000000000000004
69.80316571835375 0.36676597370769903 0.3737274910824465
78.32843179051152 0.41204540812537804 0.41577362037008203
0.8 1.4000000000000001 2.0000000000000004
71.8256168071044 0.37576752994716534 0.3849789486260059
83.21248580625229 0.4440427343055246 0.44742274843112256
0.8 1.5000000000000002 2.0000000000000004
69.36654619009416 0.36542365165060725 0.36772150953645055
84.32216623621522 0.4520239431528846 0.4552255672061869
0.8 1.6000000000000003 2.0000000000000004
78.16599042648521 0.41428754096874 0.41396525654151867
84.99990774283316 0.45393924735091085 0.4545975199218374
0.8 1.7000000000000004 2.0000000000000004
73.56405081932381 0.4047352047531072 0.4306808171649824
86.3128239333436 0.46525560117503223 0.4672146397751571
0.8 1.8000000000000005 2.0000000000000004
74.84585626953198 0.3992795214820012 0.406269177818578
87.38989720215514 0.47115289807822813 0.4718757252715572
0.8 1.9000000000000006 2.0000000000000004
82.67899427338996 0.44391895434347456 0.4431519882606759
87.88702561039005 0.47346141406964887 0.47577020111892143
0.8 2.0000000000000004 2.0000000000000004
82.65539789114507 0.44141967526218245 0.4519979106159464
88.38263177284908 0.47707992583723013 0.4789145374348748
0.8 2.1000000000000005 2.0000000000000004
83.41480115893431 0.44253525552757994 0.4435963260643485
89.93065305095125 0.48570514371027873 0.48778629563791825
0.8 2.2000000000000006 2.0000000000000004
82.55411955353411 0.43662714323279367 0.4313658804507445
92.05430749095085 0.502923077570686 0.5046184240364584
0.8 2.3000000000000007 2.0000000000000004
83.43307845403781 0.4422973311488509 0.44025012417211
93.41134214762243 0.511566241051636 0.5130297111748032
0.8 2.400000000000001 2.0000000000000004
90.59849304622877 0.4937460699242743 0.48950502939162355
95.0339078362441 0.5212830907417075 0.5210726467251992
0.8 0.5 2.1000000000000005
40.31480303177665 0.18673064976043238 0.1931482134268954
65.6040898820269 0.33575672707324294 0.34107074337599774
0.8 0.6 2.1000000000000005
46.826054381645704 0.2093276443160106 0.2164317924093772
61.510316248547646 0.3082366088488539 0.31534472319708007
0.8 0.7 2.1000000000000005
31.56396112777963 0.12651801932371662 0.13456047499375093
67.74922877922347 0.3472490536142772 0.3532107167453261
0.8 0.7999999999999999 2.1000000000000005
39.97324685866044 0.20262703322823916 0.20501370247393685
65.29956059664798 0.3349438152606876 0.34038763835566344
0.8 0.8999999999999999 2.1000000000000005
61.8720646313006 0.3119073426281104 0.3219310960952466
72.45194567090788 0.37371327462941545 0.378028574633268
0.8 0.9999999999999999 2.1000000000000005
61.06741969472605 0.3131565886456412 0.31530853834791006
72.99729350793773 0.3797435475937282 0.38548224391547864
0.8 1.0999999999999999 2.1000000000000005
64.64644246908048 0.3348712233169365 0.3408559303077423
76.8818209026912 0.4042348185473009 0.4096090271135194
0.8 1.2 2.1000000000000005
70.15362353772552 0.35904544891036744 0.36342411547943726
81.64825765868287 0.4327273924641267 0.43371079256319806
0.8 1.3 2.1000000000000005
73.80369998668215 0.3812637484544803 0.38321811316018295
82.99436015075608 0.4427867565511385 0.44690007004758436
0.8 1.4000000000000001 2.1000000000000005
70.89940205882053 0.3771201757378939 0.3816879576337086
83.35849490253112 0.44509363047664285 0.447506051173922
0.8 1.5000000000000002 2.1000000000000005
75.77750817521843 0.4046609767568408 0.40410391928719314
85.15808514304013 0.45612168865673225 0.4569676298921344
0.8 1.6000000000000003 2.1000000000000005
77.87120870284372 0.42371121050696736 0.41592868636506575
85.6347433742165 0.45945280898552865 0.45893636839019625
0.8 1.7000000000000004 2.1000000000000005
81.62824963657086 0.4363723680810808 0.4332347368095194
86.18451164591042 0.4631307007335338 0.46227536103186395
0.8 1.8000000000000005 2.1000000000000005
80.39540071884758 0.42325529419521907 0.4266307375739386
87.16387094933108 0.4687838436409063 0.4708449541347669
0.8 1.9000000000000006 2.1000000000000005
77.8536323942251 0.4089432550933667 0.3996320379742489
84.96317409044195 0.455860004104531 0.4587748428876183
0.8 2.0000000000000004 2.1000000000000005
77.18496323315073 0.4135465248011254 0.429474783593525
87.24936572454065 0.46917882013396317 0.47252308290807693
0.8 2.1000000000000005 2.1000000000000005
81.43999973599125 0.4271415019557159 0.4292345598616723
91.89497301920333 0.501618009170574 0.5007453075030492
0.8 2.2000000000000006 2.1000000000000005
84.0188279815136 0.44755935793265533 0.4475353318672894
94.21136816689975 0.5165364329847073 0.5170444570225705
0.8 2.3000000000000007 2.1000000000000005
90.31281583696074 0.4919565048849074 0.4890995379204826
94.82824752265083 0.5219941748595525 0.5216287715666834
0.8 2.400000000000001 2.1000000000000005
93.40013637196195 0.5115151771695143 0.5120623164157284
97.37344580165026 0.5371754087922217 0.5360062341239102
0.8 0.5 2.2000000000000006
46.24342441747029 0.22357015625176363 0.22635637455104685
67.04621277849152 0.3409012828539774 0.3467340828663189
0.8 0.6 2.2000000000000006
48.758659166772865 0.226141654608739 0.23386475309545343
66.88253448882796 0.3420487724419046 0.34806628301241016
0.8 0.7 2.2000000000000006
52.58922188805341 0.26792318789893027 0.2752173454996167
67.75113247265833 0.3483938723112136 0.3542758735697233
0.8 0.7999999999999999 2.2000000000000006
65.20192606073238 0.3266134790847373 0.32951575621991847
74.94646721709297 0.3893796900115282 0.3937138074540963
0.8 0.8999999999999999 2.2000000000000006
62.09478015896618 0.30824501341318594 0.3154521411865086
74.87636657843596 0.39179709285104897 0.3953175938989854
0.8 0.9999999999999999 2.2000000000000006
64.1589074010426 0.33028180997488715 0.3339415123215284
78.69546098754006 0.4139378534788503 0.41575882925000485
0.8 1.0999999999999999 2.2000000000000006
77.99379378947205 0.40584090671329087 0.40318049638930875
84.45840500198592 0.4512191711600497 0.4543730480456928
0.8 1.2 2.2000000000000006
71.92666713407945 0.37871417935183643 0.3804834361847696
80.74716702965594 0.42903631053569324 0.43093615708742383
0.8 1.3 2.2000000000000006
76.27771250918155 0.4016443722784113 0.40636100814736964
84.06232837798316 0.4504935692948955 0.45442296071965965
0.8 1.4000000000000001 2.2000000000000006
71.74394378670105 0.37770111094456565 0.3901986508368594
85.8348685434506 0.4603954278992496 0.4640722262375114
0.8 1.5000000000000002 2.2000000000000006
79.64870958194072 0.4249276075267805 0.42434185510773453
87.24026151512189 0.47124228491157627 0.47298859989315367
0.8 1.6000000000000003 2.2000000000000006
77.72551612846851 0.40895295522143493 0.4032897245271461
86.24648981815253 0.46290412448323714 0.46314336732489225
0.8 1.7000000000000004 2.2000000000000006
75.27506699074466 0.39102379381723623 0.40021557619974285
85.94793812658668 0.46113618764608794 0.4636531986768711
0.8 1.8000000000000005 2.2000000000000006
75.77321785548237 0.394373815403328 0.38709983850949453
85.95466169927386 0.4606620048870697 0.4602216245083658
0.8 1.9000000000000006 2.2000000000000006
82.75328474392502 0.44699351672100196 0.4479585375263154
89.23874563319134 0.48373240646984844 0.4843426819516484
0.8 2.0000000000000004 2.2000000000000006
80.55334427287363 0.42787572724949163 0.4351056919964523
90.75867798256522 0.4913048318166324 0.4909844250535741
0.8 2.1000000000000005 2.2000000000000006
85.28430008133495 0.453660497015623 0.46033650564743805
94.79699510781276 0.520476994579995 0.5202082081351446
0.8 2.2000000000000006 2.2000000000000006
90.67111056406998 0.49383945625925474 0.49494373968276706
96.443956332731 0.5321270693472585 0.531855785676204
0.8 2.3000000000000007 2.2000000000000006
91.79483414071142 0.501781343177949 0.5032967039800915
94.94677249507069 0.5202064231324601 0.5195810259296155
0.8 2.400000000000001 2.2000000000000006
91.41575838688038 0.49423724361047117 0.49139528223349244
96.2613155652549 0.5306874708609773 0.5293996587301872
0.8 0.5 2.3000000000000007
50.783713247451594 0.2540449703240574 0.2601845271631328
68.7672061572829 0.35160645099797955 0.3571804055669368
0.8 0.6 2.3000000000000007
58.13657919733003 0.2804239702037715 0.2897543069371239
70.4024516162107 0.3639304221811591 0.36749666904502243
0.8 0.7 2.3000000000000007
60.00054275705487 0.30646044190932126 0.31001119068306177
71.34900187676882 0.369555939874458 0.37381804966656196
0.8 0.7999999999999999 2.3000000000000007
58.075576538320206 0.28792899622908963 0.2936876145435342
76.8335097664096 0.40445672362779367 0.40913285926169474
0.8 0.8999999999999999 2.3000000000000007
67.59332823131054 0.35018231324162447 0.3587745282268054
78.85372699284268 0.4157010427923115 0.4175731438208733
0.8 0.9999999999999999 2.3000000000000007
73.45330440411553 0.3925048908519883 0.4045118794027844
82.74574985606095 0.4402535150725215 0.44430726463000186
0.8 1.0999999999999999 2.3000000000000007
76.3490523099264 0.4071553411375365 0.42143073828726424
83.46367516362467 0.44608184599211287 0.4487640351239938
0.8 1.2 2.3000000000000007
80.80934244908198 0.43152661331494263 0.43493924883894497
87.14866524746839 0.46909712557634586 0.47170906758869613
0.8 1.3 2.3000000000000007
79.1763400039482 0.42577425572772487 0.42461982972311674
85.54249196420433 0.4591431290725724 0.4593886440092222
0.8 1.4000000000000001 2.3000000000000007
75.90317574065018 0.3926568541610812 0.3964438860839044
85.03483884137195 0.4567997770130052 0.4617720460958199
0.8 1.5000000000000002 2.3000000000000007
80.63651566627199 0.4277486237055968 0.4297010441955646
87.19331961007444 0.46913663329507826 0.46997043483651185
0.8 1.6000000000000003 2.3000000000000007
79.73544294347226 0.4185152996425108 0.41841112820848564
87.54598940111107 0.47273519765237565 0.4734690896583288
0.8 1.7000000000000004 2.3000000000000007
79.55932021362754 0.42226911504430303 0.4339840290241974
87.2864744991665 0.4707232042342803 0.4718170700250843
0.8 1.8000000000000005 2.3000000000000007
82.61031605324332 0.44631998603560136 0.4338505707149636
89.75520200420354 0.4875514881265096 0.4879913849409707
0.8 1.9000000000000006 2.3000000000000007
86.54111827073075 0.4557526899649467 0.448061739317425
92.21270865763725 0.5004230729660317 0.49980059536074756
0.8 2.0000000000000004 2.3000000000000007
87.03020081620615 0.46910541899359215 0.4711472905838555
94.2216520170068 0.5164795403068491 0.5157582473787266
0.8 2.1000000000000005 2.3000000000000007
87.704655523198 0.4780819281554 0.47676655666363543
95.24703660552908 0.5230628579482477 0.5241196101266719
0.8 2.2000000000000006 2.3000000000000007
91.51316993333496 0.49828924997344454 0.49804949434299933
96.50600284618002 0.5328516546349626 0.5324342096009402
0.8 2.3000000000000007 2.3000000000000007
92.57268383887944 0.506777742235429 0.5026871858008913
96.06861180489643 0.5293194789323291 0.5294604620450968
0.8 2.400000000000001 2.3000000000000007
91.0857245737536 0.49670653667563 0.4956778460022797
97.01061172225022 0.5323495867525948 0.5325708345077869
0.8 0.5 2.400000000000001
60.26991247112039 0.3026368087039946 0.3081602287101847
71.44374510189682 0.36850395162044414 0.3739756461249827
0.8 0.6 2.400000000000001
70.85943729659081 0.3687894578615503 0.3761076613135257
78.79422424328439 0.4162080666907187 0.41896675687628926
0.8 0.7 2.400000000000001
68.50195978592524 0.3451094296022427 0.35369060802531416
77.26984922447589 0.40455661171213864 0.40892640244402745
0.8 0.7999999999999999 2.400000000000001
72.4535600185184 0.3844029023527771 0.39608301458034073
81.3597020029836 0.43252475983880034 0.43492923904043845
0.8 0.8999999999999999 2.400000000000001
75.0554308515079 0.3943215579998643 0.3992099511028271
83.89247430731345 0.4477624179547832 0.4500040153676707
0.8 0.9999999999999999 2.400000000000001
75.71573519842897 0.40178730190900236 0.4028927876355736
84.6183369515673 0.45284470089072704 0.4578498514637926
0.8 1.0999999999999999 2.400000000000001
80.96518606944983 0.4265596806514487 0.43076055586009104
85.86046082779156 0.4613322883459884 0.46306339878048475
0.8 1.2 2.400000000000001
80.16260119364712 0.4316676887277583 0.43558099864872035
86.36150952503677 0.4643913572283915 0.46673696473336
0.8 1.3 2.400000000000001
82.3255725194199 0.4335555471169493 0.4379290367742691
87.76618444365567 0.4732726843179334 0.4735500384192936
0.8 1.4000000000000001 2.400000000000001
81.90784044732273 0.43368980515225425 0.4320002844017909
87.74297402033784 0.4733410647784663 0.4755950848721245
0.8 1.5000000000000002 2.400000000000001
82.75311207862939 0.4384194524474219 0.44071949914716857
88.37254677032566 0.4773846826005911 0.47842286886219715
0.8 1.6000000000000003 2.400000000000001
81.57049720088871 0.43566398290375813 0.4356041173047644
88.66075688237453 0.47883640807985417 0.47948251475404885
0.8 1.7000000000000004 2.400000000000001
74.1735494961976 0.38774713795609117 0.3995681204514359
90.3541153120785 0.4910277049416119 0.4908576215834589
0.8 1.8000000000000005 2.400000000000001
85.86696111897426 0.4583381223430088 0.4562735040688131
92.84500758251247 0.5084072256296588 0.5091563439925377
0.8 1.9000000000000006 2.400000000000001
88.59410342145588 0.4819334264309389 0.4884629808016644
93.64749863891612 0.5142767189468214 0.5134911824153642
0.8 2.0000000000000004 2.400000000000001
91.45127676571897 0.4995337897408775 0.5018277322930691
94.93961197381174 0.5216643548985519 0.5217963200475284
0.8 2.1000000000000005 2.400000000000001
88.25665851716275 0.4789016876874994 0.4835303479708503
95.09959325613193 0.5239145128841827 0.5232772322626313
0.8 2.2000000000000006 2.400000000000001
89.56588969248796 0.48424029685912645 0.4887427873827912
95.26869407844353 0.5259282049049486 0.5257468421993395
0.8 2.3000000000000007 2.400000000000001
92.30021833576943 0.5057639765096277 0.5043565008733988
95.28927937682306 0.5257574389061506 0.5262238505266159
0.8 2.400000000000001 2.400000000000001
93.34470497490503 0.5124155041982222 0.5128157574941117
96.49499045686325 0.5331944910293982 0.5335033455272395
